world: 0c52527c-f895-4989-828f-80caa9f6e8b5
world-name: Spawn
x: 42.5
y: 87.0
z: 90.5
yaw: -90.00895690917969
pitch: -2.7116503715515137
name: Crates
lastowner: 3d5432ca-b1b9-43f1-bc31-67a521aba1aa
