world: 0c52527c-f895-4989-828f-80caa9f6e8b5
world-name: Spawn
x: 31.5
y: 88.0
z: 52.5
yaw: -138.463134765625
pitch: -3.317939043045044
name: Leaderboard
lastowner: 3d5432ca-b1b9-43f1-bc31-67a521aba1aa
