world: 83bc2851-3de1-46ec-a989-754b964a0439
world-name: spawn
x: 138.47626268977595
y: -6.0
z: 174.66412870654761
yaw: -89.85147094726562
pitch: -0.2849385142326355
name: newspawn
lastowner: 3d5432ca-b1b9-43f1-bc31-67a521aba1aa
